932472 943918
346961 982585
301441 172682
114126 960436
752126 76037
254203 772368
983878 584047
660471 868409
283758 365997
614587 733530
951076 262862
272066 780348
67627 783483
313621 112518
594291 762765
819506 973154
589332 598137
940952 274752
249127 107174
874482 657524
351041 1184
423325 644859
640013 970980
973720 44315
353093 292379
293255 845096
648141 669732
374628 62818
41708 176778
911939 844092
30759 560085
734272 64632
554236 664892
458439 103853
412152 958712
54399 43627
279093 51955
278548 9845
390772 345695
143327 770925
546450 801188
732725 938957
289962 84849
717897 203921
121864 238836
170430 125619
757893 57380
229261 526798
258820 881595
903824 679396
63111 969346
617385 118523
553071 583044
306769 610786
58702 893284
964353 68945
922859 888587
437430 5358
928785 669817
353701 49132
32916 819965
51707 694606
987809 230911
249999 717450
970113 672507
977575 655112
679658 680200
665380 478537
322690 941206
603467 986341
612977 703671
53680 714540
681057 744532
75905 716142
473941 693056
197932 359767
272483 486889
597550 450610
75983 887210
613561 925902
487878 800766
386818 883518
579316 45904
876644 887481
332418 693678
734452 914594
165295 808603
511394 245411
188298 153539
952648 280242
76809 310793
624978 77366
58314 332093
298763 410882
127011 937193
787776 711935
747559 175370
721170 324137
101048 55964
852254 88176
564292 708622
143937 60862
977246 226453
544138 486296
851065 470365
399808 905502
606403 849817
972492 830380
294812 375291
882245 420387
162609 418176
339798 471554
750521 176291
923086 108845
650252 892337
989124 505168
803547 378492
79653 440093
319056 429609
465244 204913
216707 788517
568860 190420
153621 889780
763725 555807
980461 396970
453328 932856
717581 554674
763185 36793
850832 520075
290728 81008
774146 626643
261644 737087
319836 146364
613333 664610
208986 721563
976972 542032
884283 396255
789265 540475
207893 912670
905609 10290
954578 756491
120738 29862
63435 854532
457988 567754
16511 225352
722517 589843
198703 486278
915369 907487
151130 822352
596485 39154
4112 232814
443982 251867
933749 261903
876179 448949
313429 621019
924532 199945
634014 962404
976813 158097
827262 374650
474882 413271
283802 118813
363401 274940
216104 496653
716495 288981
306985 523134
842344 859504
584326 728360
30679 683892
909638 937466
874325 514918
397866 437742
439490 314120
703654 161912
593061 359388
270972 22040
543138 747462
702261 892047
590903 7887
197247 855854
917170 302214
188958 499657
530547 140161
642448 1291
666265 509569
257666 811683
914444 129523
129576 642012
960359 577875
116989 964299
740160 349739
547543 508129
411669 756666
120037 796960
337492 503920
971145 201771
489159 337172
897676 653366
550554 963848
632962 627036
390026 772261
185019 879503
276972 383040
365603 137705
956247 575694
697655 216225
205040 221924
806948 305690
277712 504150
812798 663126
785428 861761
616793 448136
942528 883941
240712 195335
486032 776426
924976 271006
204189 100291
169800 508160
215465 320112
759087 439641
961543 559325
985641 143679
930537 251816
671543 324423
208456 443328
469203 913461
397930 453353
285445 676555
445395 453084
176165 320962
956234 369034
32046 905943
78086 275905
279674 458044
118070 252264
810143 743343
75946 546980
717158 184168
55905 426397
364901 7404
552175 59675
85432 91135
806475 192714
533472 982966
528691 419932
407991 282282
761852 321997
13519 66313
107065 32770
656039 30982
101703 331
108937 147185
763828 635591
483779 996257
476106 657255
177408 211597
825979 63051
183554 999290
34410 56584
940350 445519
59284 625803
900691 573956
740697 423383
18152 430649
822699 111274
807394 956963
173202 194174
185728 670625
629337 522667
25235 577580
105752 133993
167068 509229
789279 937651
422596 901033
543996 664072
884402 595927
928938 288651
160205 516883
493270 810955
515598 88107
494222 575068
551872 473686
339529 436900
258775 163204
680141 143090
381354 429391
825345 363144
648015 175121
183183 362489
49810 685073
234229 493613
120017 299669
815401 768770
336055 922779
367207 990669
88403 518498
261144 934462
350740 562787
186848 75426
367204 656797
795844 613633
932381 444046
99447 346983
463276 823805
851840 22208
744641 804212
163977 126236
898160 917644
790150 709331
475239 672736
213503 480450
944588 289251
289788 949299
709299 313486
859597 835547
270905 157682
685043 292412
461952 322667
597294 480555
463495 921909
78756 288428
302884 983256
742251 191545
535521 196799
965555 933858
924401 860391
401619 526734
572493 465843
499374 304095
903344 155484
188290 612404
702699 201989
399885 629704
977637 232108
845084 588599
933427 146556
108849 356833
229904 797888
127440 889063
945209 507635
21414 620435
589416 430835
737175 766420
501738 739155
90018 413606
518303 539407
602867 961936
452942 14491
502790 617351
684962 992084
37298 131632
511814 651736
81690 222083
592280 506609
610027 81483
550668 261612
189138 10825
925024 286024
540414 510648
690103 848074
542157 682412
568661 519214
645718 427604
839094 914423
659858 29534
235339 370791
10535 68281
124434 49867
19666 461302
392976 237294
302385 512328
808302 675438
697067 167402
847278 885931
45501 588448
212744 490075
287073 764117
946405 847546
433756 19043
909623 644767
984549 327538
349491 590570
958125 468535
606764 883098
260048 149726
688589 8571
615830 726339
531571 878780
124389 781337
826981 865246
124103 165037
832049 788681
594132 856325
678692 842233
7612 944226
65573 726549
291699 708709
656302 392992
627385 652430
45480 260744
7365 355999
582947 425948
175565 401695
823791 139931
216181 192122
356889 145831
813457 636358
516997 150809
481945 576992
736549 994670
826088 75317
514579 540382
970993 466589
31057 215885
970239 661409
973082 568219
747942 802333
675364 376278
71947 966720
263349 983951
705165 778481
181663 97418
5199 629068
810458 550159
813540 196682
332668 120413
49621 151679
946327 465726
999697 11580
279919 93302
563890 255124
797718 243989
301096 137020
770790 880620
837060 242892
312091 75932
431075 142370
934283 546889
585845 429606
145986 978478
997225 550311
188478 768011
969015 716580
753028 361849
411337 6567
938269 536605
132039 691852
955312 144379
248829 953568
11901 363682
19244 241509
976115 898629
48490 148017
338991 966634
254390 67765
979859 544891
322396 304795
290302 915322
739521 725641
824173 361234
870924 359299
219054 654856
352497 583405
976764 74513
34907 775021
822140 663420
319414 953967
9875 97104
64982 237698
49634 60528
144391 312992
421663 324859
999154 455243
680209 629745
227496 568850
435367 815374
935054 780659
205814 772667
20069 500954
146638 841690
860661 850312
852471 391807
808982 459215
568909 813951
951387 733369
956405 332768
286683 939657
196475 86127
185693 46233
670538 114033
293215 51746
744135 840433
607875 617946
130314 385464
855575 237112
44217 860443
315584 432147
575555 519406
840386 861288
791414 528023
549677 637050
578942 217853
294824 741524
458427 888222
235859 187050
609469 814144
990044 371934
798047 498943
810848 319454
960253 481413
473915 655402
872275 992600
804654 317875
465395 990990
490156 125791
410210 981851
552961 678697
542288 193419
342111 880614
164787 271499
679751 906466
70271 330913
781520 636521
215236 261244
599319 755809
6179 651685
416516 777749
988334 840917
645044 486348
824412 819681
14728 295512
744485 579857
799434 830123
492032 839758
8503 50658
621559 385145
515693 588902
689699 361048
838322 727720
409930 455787
711134 9097
322129 796317
506343 622876
674591 695958
57671 834243
228689 859309
649484 408757
205587 842555
638459 837474
223137 431243
320994 844141
171355 475821
45945 864600
168446 441961
542452 323838
875909 999185
960168 600505
772635 905840
234583 21092
888315 551006
213658 106490
104294 989877
740650 91165
248000 913310
176010 30451
247944 88901
565781 548395
536434 576875
507424 113885
182371 373081
234827 268432
80392 729586
896489 702101
246292 987554
371785 278096
956564 253875
790113 958870
307312 79358
122326 72242
703552 539326
945067 470210
479752 301376
39171 112575
238610 845622
533588 909082
455783 277483
849962 996737
481257 405330
376853 754432
986640 198391
741489 847877
898559 694039
515408 600252
514818 744139
604358 473497
273382 137886
37136 923060
355573 556096
374049 961933
805133 232020
123915 972401
967516 340004
917959 859318
540219 339636
787361 617312
298531 926196
603842 403686
692368 126670
223771 148750
488753 885792
960044 701173
690568 787780
273198 74731
205284 404234
837795 662843
986041 729991
830072 169608
97049 316486
198867 52050
375697 184221
823615 544664
626530 175707
267121 787288
71131 48350
415735 600242
216144 190017
671868 267178
138616 469490
574138 733964
961832 537761
303868 787946
208424 411092
547791 536001
387055 137751
717061 410618
993409 930705
341285 241612
205025 935667
341938 388990
394419 660617
327894 896330
954931 172978
13547 476254
922380 583405
83175 243964
150550 431113
547681 50304
107567 269759
394628 756418
49780 735643
748111 294993
156637 511892
215110 745632
433203 785213
125241 536765
983726 48724
57582 735484
476271 386040
569965 492274
165910 102328
455081 719645
154113 315079
346950 481057
778658 589259
291531 226605
187964 61908
369190 305724
670714 555434
915478 906296
403500 481407
208761 119929
16735 235651
626 352810
474071 4374
60726 172685
991659 845401
315636 205333
822013 878814
840927 999984
39957 668285
146649 52264
955802 296456
798461 704671
954348 770070
413577 689080
122208 367804
602790 836373
885721 16730
154710 141114
458432 188433
987129 380176
628511 608338
953276 11078
872031 755026
694111 644050
96412 231769
95776 662165
623778 666682
494217 569437
57863 98717
934931 979652
367205 698744
313334 739765
696497 767644
474190 691535
914429 829292
164523 546146
968454 447784
697333 67542
87163 118823
2490 385066
51211 555171
24918 842586
197993 136046
944894 103195
837471 373315
525161 826688
852300 268343
722011 730430
617020 934927
155919 740876
461154 485099
78080 195044
633844 469151
430356 361383
853603 298658
102374 860061
752374 240287
84078 836762
41474 474793
669775 390780
190920 736524
398717 701520
348843 987902
902985 927956
948300 565237
140043 956759
177988 766802
123947 687805
460605 539642
368779 487327
847021 788358
507285 272527
748912 351696
934108 382009
468226 912494
910577 113956
834710 179643
681605 65496
244757 218960
455222 118298
946870 935378
763832 596755
545590 365925
157473 507919
910261 799103
75792 215328
837869 336663
747451 173667
353103 655675
533844 459034
822908 74625
180888 712952
208092 200214
355316 84988
995423 669234
624596 402741
565774 704748
859401 685220
456013 113385
959509 184830
28719 318064
448214 690768
416054 52313
468174 545341
910437 572580
594891 749987
533252 402855
892023 605276
49456 706655
660158 556000
593756 11494
875927 888648
234536 848389
873650 900589
451996 614945
878972 276335
817537 651730
713554 682450
801948 939473
816319 181250
175688 911567
740211 906807
713519 571938
804035 399859
321508 428122
667095 74537
317664 869106
885685 360056
623064 498019
497511 529428
388215 852306
655114 602758
537469 122921
852022 398217
871092 899650
569349 722645
765834 835136
683202 626426
158928 808568
102192 939554
488718 185869
858036 318457
594816 269786
984608 179368
26289 916487
317404 614588
968883 557054
187123 343910
489912 935544
865207 930139
421841 941937
134226 221212
497088 893434
45163 856400
472891 526957
847665 51532
659904 571706
743815 607797
79375 433312
922892 816061
634633 641848
910598 686473
609187 870379
967082 2291
279687 467972
149578 652843
820231 565408
256155 807416
20798 935554
422178 454557
3461 128003
988283 609686
468623 553383
654150 707393
362402 380298
150702 155546
6963 117689
60887 204767
656732 324701
689188 778130
555708 946001
167586 382237
436843 480661
48148 271567
957912 221404
443227 397316
977986 49792
161730 76004
433167 421654
499876 613634
992332 522075
872186 271524
265858 42125
836421 615970
616689 209174
358804 679847
102188 877475
158195 421973
879120 19860
312176 848453
881378 116236
45003 958379
414276 785447
353145 713688
21652 762379
158101 877850
900194 940823
712932 658366
789707 104953
755139 957878
475319 60892
479663 144469
505835 153918
726769 821238
499339 820511
181156 881981
182640 181973
319716 501493
164578 963005
952725 533977
98610 704908
895053 750318
363831 847043
95519 279821
816419 574273
524933 792447
641664 670770
2537 844417
238989 659109
958032 651110
214383 263164
921700 177052
400534 851196
579612 80070
448621 163716
962058 431049
723837 581019
862784 442659
827807 498338
163104 692213
158428 303976
93439 71137
151139 764188
155829 553294
704293 864797
342980 361416
699281 117422
188515 780485
336167 367109
929062 330754
290555 318722
502347 116044
783689 154493
666275 178139
582447 910008
509211 885849
541899 780020
436070 779584
225649 130911
70345 165345
728009 998762
810626 188864
794436 7289
439574 965533
211961 953332
569718 657486
510368 7675
405965 722823
843817 32310
37096 229564
109242 157770
488259 782685
632068 529063
137324 645568
161025 847998
384086 708509
498508 265424
573693 776498
737564 19426
221168 547335
34910 151565
711360 996940
684590 655857
757059 729182
95987 995717
39400 474708
628890 685133
419494 526171
271558 161287
560901 767204
17405 445011
191015 502465
991635 464681
615490 674734
196140 679142
434664 102124
970835 601336
652449 596092
215018 868323
756 297401
999228 669421
131269 70482
192494 63596
238232 350755
953557 480810
66611 841392
243745 239090
245346 455293
439478 216698
829076 643277
138587 907308
578019 645173
655563 159699
578481 234907
259049 304926
150381 869520
495249 115220
521909 467272
703818 339157
709078 228466
686487 281417
970287 939256
365101 236455
187507 516693
478846 201956
327884 539469
462003 5686
604957 551310
199801 314691
668192 157345
497971 795563
601903 603853
988173 216623
120734 869768
878576 350908
831748 480027
918481 736472
739291 48273
120229 479208
939069 213019
541487 598683
725646 688899
426553 74039
851769 419723
62049 362174
138707 461538
772170 223356
420379 781954
848692 199856
80803 848937
533990 788629
133000 64881
480968 611787
280860 493710
970701 718119
750053 612068
304013 466644
109951 597827
387504 300772
631452 14784
240710 639863
305004 153969
432244 438470
748631 164036
377802 642189
490215 224316
748975 435219
640515 355146
95741 539607
661590 557444
859434 660184
333647 557508
136027 832833
671489 947488
421021 503472
283562 87041
255790 545634
516944 648802
682741 765053
206407 744615
725266 165112
178448 125591
358288 666283
575004 180920
495671 252847
246510 904262
254974 232369
350814 868303
440734 685784
90233 31022
252930 346576
9414 172961
236507 550515
968547 76426
827855 715412
248718 893119
989713 5159
863105 171470
300428 14096
633140 78096
620344 259782
32262 15336
419600 603364
724982 434265
113498 881932
263755 851585
879461 428920
652692 213366
849745 457631
605002 724796
95496 980288
519505 777888
85579 367693
829853 925939
397607 537783
668594 356582
490758 609810
628803 880127
159393 705189
306620 276598
474643 575057
439643 114030
7305 48411
36473 601555
269014 623128
39 839052
68963 44596
164467 207837
46403 207391
887370 988189
956773 192468
734967 952782
995427 648710
467914 564638
634615 832938
15060 733497
222093 8732
591950 524937
185651 418351
245657 566475
115052 586580
847392 135695
24037 661029
720985 241164
258495 628175
568043 261789
769995 488282
592234 4380
35411 734167
914941 267034
782869 875173
584929 800056
989067 282783
652678 306340
724837 11813
211095 632756
273433 467142
226391 511512
226512 432775
836391 48191
549185 840658
956516 792137
968603 730110
575085 274788
933596 973495
352642 987974
769855 236938
469703 207685
823506 613584
987304 148630
306981 775924
42904 186848
814622 350946
259634 467068
4330 705037
79680 868300
689102 189981
763993 561141
793052 965428
506532 267194
784640 536092
37435 368182
471162 131791
866220 272309
305254 921185
954265 246320
932279 572302
600063 283556
725634 509660
832211 437518
590838 82028
745096 992069
912554 257507
579438 653939
700175 545583
908020 639217
552836 340921
927758 657087
112457 762662
281841 867613
101323 459336
897787 485576
491869 585511
38128 493268
293192 28520
252064 125411
481017 801816
3876 804799
590297 516568
817479 284762
804410 493284
123969 372575
594284 867777
382941 619764
777200 322691
738941 716111
93508 386808
322804 34738
225437 146997
397009 989572
749427 749179
102715 773517
624246 736645
793144 18766
665694 62064
424968 423739
270880 254599
37166 341462
959676 474410
252430 385642
752627 368539
103793 707168
591254 218086
732134 21185
838074 337706
781316 193928
569096 720135
324554 570467
711793 571238
307687 868742
14334 443167
702485 152044
591493 937036
920607 407020
55991 59432
802820 39284
677847 13666
503732 598244
887941 764420
736951 938249
887417 908091
515373 660724
611083 831170
652016 832886
719086 449967
941461 496251
312317 471770
884498 167041
100333 415782
527353 492275
186915 460013
100642 152934
432095 461388
352359 357551
647701 986952
156553 262366
379100 845979
890801 552092
780608 537119
181200 902109
510002 474966
250215 813441
180831 232147
932579 466701
502877 376969
349536 895744
354050 679023
814734 191957
923215 972364
528433 242773
